0
0
0
0
0
0
0
0
0
0
0
0
0
0
0
0
0
89269
17020
14539
98357
80328
27826
41743
92467
13785
144511
65407
113665
56460
99704
17262
57179
31718
1694
37968
70413
112784
105201
34306
7499
57313
60634
4432
105817
69008
80589
52473
55795
2158
27176
26395
62181
113752
22505
110826
1567
15896
90095
157100
11185
78406
33555
26942
31183
16367
25067
25027
5558
99616
13526
12704
542
94961
90698
10381
23810
79716
44732
27849
1517
65192
100771
115784
4433
86760
10663
97722
108435
10565
9346
32437
34138
40876
43061
10970
79958
42077
88958
55536
7831
91568
70132
39259
1444
90068
18070
43044
107235
93428
12390
50795
9360
85134
36150
88728
44188
13775
138697
14403
62189
17047
96242
120908
23818
11553
1306
38401
78470
72146
25582
21557
36057
103063
52918
13120
85810
23738
11219
85805
87657
13956
29341
67689
23171
109726
70716
76299
33525
78788
9861
127834
112115
55276
57186
22869
76413
61686
40981
103086
42633
12745
65630
34398
880
90832
51306
21559
100962
60362
80538
441
18942
6583
1968
32534
33008
6405
83478
10331
15713
52418
78761
38371
43811
68238
53096
5285
77979
88198
89896
69025
99046
49805
78030
53461
86740
63260
59226
1248
47506
67377
17884
85012
87497
99748
157309
5810
10023
7863
62748
21896
46097
45906
113817
12979
103507
73228
12308
36703
9291
85571
93464
30577
9826
15430
94235
45615
10583
110576
58804
148194
58005
1514
19984
38244
105424
2868
6182
45749
46465
115918
50060
46481
13546
110050
31112
20205
43482
46827
133263
75589
36305
7480
50078
118814
92911
64173
19886
7541
11783
16997
141185
67435
78679
51537
80768
104407
23330
40064
77696
141958
45891
60570
76867
28406
65036
5582
20380
18515
82611
30210
40958
20433
24893
1846
1272
139758
59209
21087
38138
3059
75917
34151
82545
25936
1269
42499
9014
41987
105177
68267
68173
49483
44046
63726
1709
33911
3678
6292
84258
19597
15836
14030
27502
56097
63793
32924
54458
3978
54027
34976
13675
159520
68857
61943
43802
30987
15799
10429
21088
16930
115849
85051
2354
13862
21984
36648
36130
141000
73493
20260
75865
144442
49427
103545
941
21663
62776
68182
12970
72519
6405
99549
18907
1321
79341
94855
29777
1569
47403
26708
33303
83911
55952
14169
52048
4546
16407
689
86198
87761
39365
24610
20226
36547
58879
35676
89679
23450
13457
58387
37726
26668
88537
39506
96110
87417
17140
3306
22070
41201
9726
15761
114567
103703
27712
101211
1559
4550
19459
47944
18680
82209
18549
47327
41262
125402
3955
6117
91583
4584
106091
23926
106389
127278
26633
2768
77499
24592
20855
44361
63025
151490
302
44038
4343
5735
47043
102078
40194
44438
10844
51434
42098
92891
26959
10513
12364
11363
58061
76626
24878
81701
32283
89907
65192
8140
59961
100576
9975
40323
100436
78816
80452
40327
35045
112474
95847
83604
60165
8270
56096
114022
104145
14184
32482
78273
16853
44961
46104
20345
93181
36894
79298
46267
68600
23026
141173
5617
57449
13388
25499
99504
3730
17050
19764
82715
17986
101994
95482
143332
39093
67508
36332
8501
84183
44453
134483
50043
1089
21090
7166
106570
12454
53550
128015
73007
86952
10835
77448
55699
17000
14994
21956
34047
91485
24764
4859
80213
50459
63396
23878
83693
6703
63899
121309
6405
17549
15642
69571
129192
68405
64287
1523
36879
23133
9339
17720
5247
36541
881
10017
65646
25179
13474
4167
96592
31799
12149
4541
104485
28747
94433
689
9127
54915
34448
409
76281
47920
75672
42547
18167
21867
47953
52236
56810
33123
69609
45224
34209
66779
84806
74494
26174
97017
66226
54240
64345
32950
60960
8365
157138
85413
68506
46118
7565
38914
10427
18059
2505
2494
72149
51804
8726
56556
54180
22695
33672
21071
19099
79455
106271
26763
12547
1844
8205
66303
77062
114011
15856
101229
18183
154577
44194
56066
27393
40343
90695
71696
106059
13740
89497
102807
58853
102163
155544
22219
99490
9623
94381
75715
107954
85746
12911
82449
45203
8433
101854
15663
107286
132555
75769
13846
47868
70337
59250
76251
44474
42
43635
4457
1802
40082
106566
116167
19870
56124
33462
34225
31489
44473
55827
121
66174
15412
160924
19435
50211
14307
84327
74678
60710
91998
45711
108749
908
7601
57655
42251
47860
93303
5008
12144
17165
1415
994
28151
80234
37608
141368
2145
38338
74409
20045
106019
115666
76975
20459
50632
26965
6405
34174
84921
68406
12970
9369
34173
8375
23712
78539
86629
71574
63242
15053
52979
97486
83325
4361
8621
33146
82531
40875
18261
971
58706
108026
116563
20706
38125
32571
14557
93932
18164
76039
56342
13119
8720
145200
54359
104218
76106
85986
44994
5866
34064
51812
5234
82526
146797
110518
72279
9678
151763
35789
28719
112824
2185
22217
7386
92745
55624
52609
57640
29813
26852
11549
17781
23260
59716
97443
4916
72618
48036
15025
52891
12255
47303
8322
11790
54656
54354
10117
89265
71134
6927
72488
34478
83314
162169
15258
17304
40187
89122
31195
31960
57398
30862
43491
11295
38333
41246
19407
21389
44647
10815
14721
6603
81716
37637
17401
38361
33101
16923
85263
11837
4677
141747
141688
41829
92632
2398
96653
13114
11836
44388
91436
103473
53747
17022
32140
23673
973
54820
37920
61
22681
147553
53621
38693
111172
151463
106068
13698
2830
7485
119590
47328
42999
48920
125896
76309
71871
56444
9821
12861
1401
479
156796
54795
23939
27608
24206
7173
17279
12507
2366
73495
8538
82769
78626
101419
95105
39190
63396
7481
6253
12322
49327
12540
71269
7560
156184
6846
58036
42056
15299
6554
13961
47730
7407
101819
99046
153765
19550
40153
89069
58432
99811
77300
112576
8036
69106
320
35891
13959
20457
75584
35844
1600
11974
20173
89160
16060
27751
70047
82399
99641
55002
23033
33602
18356
99391
113473
11845
9144
110126
9371
69030
72414
17680
30372
106576
4134
42935
68789
15622
24773
16381
44272
1982
28941
2710
15777
92805
52083
19127
17418
78804
25886
10911
104355
105084
120879
39532
4330
30771
112773
32183
42248
6555
108075
14105
62292
8835
3862
39243
21879
50820
159079
15252
9733
70368
6391
23142
13155
72254
124387
98859
50321
2123
52750
24989
90323
35170
83871
158140
17959
20837
34420
52686
15557
89542
10906
33406
41988
75052
38673
22114
11984
14064
8336
12249
8604
14603
86544
41817
10753
69285
11553
51323
20289
38287
49161
18179
73219
18588
51983
61999
95355
8834
13146
4289
No failure found
90.457603
